2017-10-21T11:29:46	arduino-uno-00	0	SF7BW125	868.100000	-89.000000	9.500000	30303030303042443030303030303030	45.069419	7.677956	216
2017-10-21T11:30:10	arduino-uno-00	0	SF7BW125	868.100000	-89.000000	8.500000	30303030303044353030303030303030	45.069419	7.677956	216
2017-10-21T11:31:12	arduino-uno-00	1	SF7BW125	868.300000	-89.000000	10.250000	30303342333742303030303030303031	45.069395	7.677957	218
2017-10-21T11:32:14	arduino-uno-00	2	SF7BW125	868.500000	-83.000000	7.000000	30303736364539303030303030303032	45.069395	7.677957	218
2017-10-21T11:33:16	arduino-uno-00	3	SF7BW125	867.100000	-83.000000	0.750000	30304231413536463030303030303033	45.069395	7.677957	218
2017-10-21T11:34:19	arduino-uno-00	4	SF7BW125	867.300000	-91.000000	9.500000	30304543444335333030303030303034	45.069844	7.678000	168
2017-10-21T11:35:21	arduino-uno-00	5	SF7BW125	867.500000	-78.000000	6.750000	30313238313333353030303030303035	45.071096	7.675628	197
2017-10-21T11:36:23	arduino-uno-00	6	SF7BW125	867.700000	-105.000000	8.000000	30313633344136313030303030303036	45.072195	7.672492	450
2017-10-21T11:37:25	arduino-uno-00	7	SF7BW125	867.900000	-114.000000	7.250000	30313945383134323030303030303037	45.074137	7.668497	815
2017-10-21T11:40:31	arduino-uno-00	10	SF7BW125	868.500000	-114.000000	-1.000000	30323530323545463030303030303041	45.076815	7.674140	681
2017-10-21T11:41:33	arduino-uno-00	11	SF7BW125	867.100000	-115.000000	2.500000	30323842354344323030303030303042	45.076014	7.676610	530
2017-10-21T11:42:35	arduino-uno-00	12	SF7BW125	867.300000	-105.000000	3.750000	30324336393342343030303030303043	45.076687	7.678552	593
2017-10-21T11:43:38	arduino-uno-00	13	SF7BW125	867.500000	-100.000000	2.500000	30333031434139373030303030303044	45.075639	7.679164	482
2017-10-21T11:44:40	arduino-uno-00	14	SF7BW125	867.700000	-106.000000	3.750000	30333344303143323030303030303045	45.074575	7.680689	410
2017-10-21T11:45:42	arduino-uno-00	15	SF7BW125	867.900000	-100.000000	8.000000	30333738333841363030303030303046	45.073539	7.681402	354
2017-10-21T11:46:44	arduino-uno-00	16	SF7BW125	868.100000	-98.000000	9.500000	30334233364638393030303030303130	45.074513	7.678731	353
2017-10-21T11:47:46	arduino-uno-00	17	SF7BW125	868.300000	-107.000000	2.750000	30334545413636453030303030303131	45.075830	7.675206	546
2017-10-21T11:48:48	arduino-uno-00	18	SF7BW125	868.500000	-112.000000	6.750000	30343239444435303030303030303132	45.074277	7.673668	476
2017-10-21T11:50:52	arduino-uno-00	20	SF7BW125	867.300000	-112.000000	1.500000	30344130344231353030303030303134	45.072620	7.672479	463
2017-10-21T11:51:54	arduino-uno-00	21	SF7BW125	867.500000	-100.000000	6.250000	30344442383146373030303030303135	45.071247	7.674799	260
2017-10-21T11:52:56	arduino-uno-00	22	SF7BW125	867.700000	-96.000000	9.250000	30353136423932343030303030303136	45.069686	7.679413	212
2017-10-21T11:53:59	arduino-uno-00	23	SF7BW125	867.900000	-111.000000	5.500000	30353531463030383030303030303137	45.069754	7.682119	361
2017-10-21T11:55:01	arduino-uno-00	24	SF7BW125	868.100000	-87.000000	8.500000	30353844323645393030303030303138	45.070241	7.678619	130
2017-10-21T11:56:03	arduino-uno-00	25	SF7BW125	868.300000	-69.000000	9.000000	30354338354443433030303030303139	45.070872	7.677215	88
2017-10-21T11:57:05	arduino-uno-00	26	SF7BW125	868.500000	-78.000000	8.250000	30363033393441463030303030303141	45.070996	7.676106	162
2017-10-21T11:58:09	arduino-uno-00	27	SF7BW125	867.100000	-79.000000	-5.000000	30363345434239343030303030303142	45.072108	7.675381	229
2017-10-21T11:59:09	arduino-uno-00	28	SF7BW125	867.300000	-102.000000	8.000000	30363741303237373030303030303143	45.071504	7.674768	262
2017-10-21T12:01:13	arduino-uno-00	30	SF7BW125	867.700000	-95.000000	10.000000	30364630373038393030303030303145	45.069968	7.678682	161
2017-10-21T12:02:15	arduino-uno-00	31	SF7BW125	867.900000	-113.000000	6.250000	30373242413736453030303030303146	45.068416	7.683018	505
2017-10-21T12:03:18	arduino-uno-00	32	SF7BW125	868.100000	-119.000000	1.750000	30373636444535333030303030303230	45.067321	7.686070	769
2017-10-21T12:05:22	arduino-uno-00	34	SF7BW125	868.500000	-113.000000	0.750000	30374444344331463030303030303232	45.064799	7.693133	1387
2017-10-21T12:11:30	arduino-uno-00	38	SF7BW125	867.700000	-106.000000	2.500000	30384341323746463030303030303236	45.068749	7.689581	946
2017-10-21T12:12:32	arduino-uno-00	39	SF7BW125	867.900000	-115.000000	1.500000	30393035354545343030303030303237	45.069428	7.688383	834
2017-10-21T12:14:41	arduino-uno-00	43	SF7BW125	867.100000	-114.000000	5.250000	30394632334137393030303030303242	45.072499	7.691434	1053
2017-10-21T12:15:43	arduino-uno-00	44	SF7BW125	867.300000	-112.000000	7.750000	30413244373135453030303030303243	45.075259	7.688517	925
2017-10-21T12:16:45	arduino-uno-00	45	SF7BW125	867.500000	-105.000000	1.750000	30413638413834333030303030303244	45.075317	7.684578	671
2017-10-21T12:17:47	arduino-uno-00	46	SF7BW125	867.700000	-103.000000	8.250000	30414133444637353030303030303245	45.075903	7.685292	757
2017-10-21T12:19:51	arduino-uno-00	48	SF7BW125	868.100000	-117.000000	5.500000	30423141344434303030303030303330	45.074757	7.689064	939
2017-10-21T12:20:53	arduino-uno-00	49	SF7BW125	868.300000	-115.000000	-1.250000	30423535383432373030303030303331	45.072902	7.691219	1043
2017-10-21T12:21:55	arduino-uno-00	50	SF7BW125	868.500000	-109.000000	3.500000	30423930424230443030303030303332	45.071484	7.687688	752
2017-10-21T12:22:57	arduino-uno-00	51	SF7BW125	867.100000	-108.000000	7.500000	30424342463146313030303030303333	45.070719	7.686718	679
2017-10-21T12:23:59	arduino-uno-00	52	SF7BW125	867.300000	-92.000000	9.500000	30433037323844363030303030303334	45.070796	7.684692	520
2017-10-21T12:27:06	arduino-uno-00	55	SF7BW125	867.900000	-114.000000	1.250000	30434238434443463030303030303337	45.068352	7.690048	995
2017-10-21T12:50:59	arduino-uno-00	0	SF7BW125	868.300000	-114.000000	-1.750000	30303030303044333030303030303030	45.065494	7.698309	1715
2017-10-21T12:52:01	arduino-uno-00	1	SF7BW125	868.500000	-111.000000	3.750000	30303342333741393030303030303031	45.064893	7.697747	1701
2017-10-21T12:57:12	arduino-uno-00	6	SF7BW125	867.900000	-110.000000	6.000000	30313633344135353030303030303036	45.066981	7.682633	602
2017-10-21T12:59:16	arduino-uno-00	8	SF7BW125	868.300000	-113.000000	-1.250000	30314439423831453030303030303038	45.063067	7.678624	922
2017-10-21T13:00:18	arduino-uno-00	9	SF7BW125	868.500000	-113.000000	1.500000	30323134454546453030303030303039	45.063775	7.676683	850
2017-10-21T13:01:20	arduino-uno-00	10	SF7BW125	867.100000	-105.000000	8.250000	30323530323545313030303030303041	45.064666	7.674086	808
2017-10-21T13:02:22	arduino-uno-00	11	SF7BW125	867.300000	-109.000000	6.500000	30323842354343333030303030303042	45.065469	7.671954	814
2017-10-21T13:04:26	arduino-uno-00	13	SF7BW125	867.700000	-105.000000	7.000000	30333031434138383030303030303044	45.068074	7.664522	1127
2017-10-21T13:05:28	arduino-uno-00	14	SF7BW125	867.900000	-101.000000	8.000000	30333344303142373030303030303045	45.068272	7.663928	1165
2017-10-21T13:06:31	arduino-uno-00	15	SF7BW125	868.100000	-114.000000	-6.500000	30333738333839393030303030303046	45.065287	7.660443	1542
2017-10-21T13:07:33	arduino-uno-00	16	SF7BW125	868.300000	-109.000000	2.250000	30334233364642463030303030303130	45.061756	7.658072	1901
